2393.893602 0.000000
-18.849556 767.845781
-18.849556 383.691525
-18.849556 255.537195
-18.849556 191.382753
-18.849556 152.828162
-18.849556 127.073384
-18.849556 108.632668
-18.849556 94.763117
-18.849556 83.940884
-18.849556 75.251645
-18.849556 68.113543
-18.849556 62.138658
-18.849556 57.058420
-18.849556 52.680980
-18.849556 48.865636
-18.849556 45.506854
-18.849556 42.523917
-18.849556 39.854038
-18.849556 37.447636
-18.849556 35.265039
-18.849556 33.274120
-18.849556 31.448584
-18.849556 29.766702
-18.849556 28.210354
-18.849556 26.764313
-18.849556 25.415684
-18.849556 24.153474
-18.849556 22.968250
-18.849556 21.851874
-18.849556 20.797280
-18.849556 19.798308
-18.849556 18.849556
-18.849556 17.946269
-18.849556 17.084242
-18.849556 16.259739
-18.849556 15.469431
-18.849556 14.710338
-18.849556 13.979783
-18.849556 13.275355
-18.849556 12.594871
-18.849556 11.936350
-18.849556 11.297989
-18.849556 10.678142
-18.849556 10.075298
-18.849556 9.488069
-18.849556 8.915176
-18.849556 8.355433
-18.849556 7.807742
-18.849556 7.271076
-18.849556 6.744479
-18.849556 6.227052
-18.849556 5.717950
-18.849556 5.216375
-18.849556 4.721568
-18.849556 4.232809
-18.849556 3.749410
-18.849556 3.270708
-18.849556 2.796067
-18.849556 2.324871
-18.849556 1.856519
-18.849556 1.390427
-18.849556 0.926019
-18.849556 0.462731
-18.849556 0.000000
-18.849556 -0.462731
-18.849556 -0.926019
-18.849556 -1.390427
-18.849556 -1.856519
-18.849556 -2.324871
-18.849556 -2.796067
-18.849556 -3.270708
-18.849556 -3.749410
-18.849556 -4.232809
-18.849556 -4.721568
-18.849556 -5.216375
-18.849556 -5.717950
-18.849556 -6.227052
-18.849556 -6.744479
-18.849556 -7.271076
-18.849556 -7.807742
-18.849556 -8.355433
-18.849556 -8.915176
-18.849556 -9.488069
-18.849556 -10.075298
-18.849556 -10.678142
-18.849556 -11.297989
-18.849556 -11.936350
-18.849556 -12.594871
-18.849556 -13.275355
-18.849556 -13.979783
-18.849556 -14.710338
-18.849556 -15.469431
-18.849556 -16.259739
-18.849556 -17.084242
-18.849556 -17.946269
-18.849556 -18.849556
-18.849556 -19.798308
-18.849556 -20.797280
-18.849556 -21.851874
-18.849556 -22.968250
-18.849556 -24.153474
-18.849556 -25.415684
-18.849556 -26.764313
-18.849556 -28.210354
-18.849556 -29.766702
-18.849556 -31.448584
-18.849556 -33.274120
-18.849556 -35.265039
-18.849556 -37.447636
-18.849556 -39.854038
-18.849556 -42.523917
-18.849556 -45.506854
-18.849556 -48.865636
-18.849556 -52.680980
-18.849556 -57.058420
-18.849556 -62.138658
-18.849556 -68.113543
-18.849556 -75.251645
-18.849556 -83.940884
-18.849556 -94.763117
-18.849556 -108.632668
-18.849556 -127.073384
-18.849556 -152.828162
-18.849556 -191.382753
-18.849556 -255.537195
-18.849556 -383.691525
-18.849556 -767.845781
